182218 515 315 1510
183068 673 461 2639
184380 814 607 13381
185634 1605 78687 25534
187571 3261 80298 44945
191601 6091 83087 67537
193992 10828 84864 91926
200340 16142 86744 122645
216990 26299 88718 154413
219919 45679 90400 193211
222868 69960 91898 217361
225497 102080 93389 244078
228805 139846 95297 268371
230788 165359 96792 291901
232344 195099 98403 312332
233505 251370 100804 331801
235287 309099 102275 346259
237050 412102 110826 370506
238786 595407 112993 383336
240748 871530 115482 402804
242534 1246604 116881 412121
243832 1815216 123238 425569
245725 2595319 124359 435818
247686 3846790 125552 449500
249720 5793564 126676 462318
252294 8882168 128905 486425
254273 11447071 131006 493555
255928 15237917 133623 501831
257917 21839239 136781 512686
265311 37129986 140407 526126
266219 56120748 144863 540504
267704 93993591 152126 559218
269397 159402101 159170 576501
270870 237610390 167116 596159
272059 357725436 173892 610891
275076 538023194 181122 626906
276285 826687372 188781 643343
279499 1287535926 203387 659113
280724 2047354893 213485 675307
281893 3354160986 217292 695160
